-262 34 -40 267.21
-262 33 -39 266.93
-261 33 -40 266.10
-261 34 -40 266.23
-261 35 -39 266.21
-262 32 -39 266.81
-261 34 -41 266.38
-262 34 -38 266.92
-256 27 -34 259.66
-268 82 -45 283.85
-271 24 -38 274.70
-265 24 -30 267.77
-267 40 -28 271.43
-294 46 -10 297.74
-288 39 -21 291.39
-279 53 -17 284.50
-284 54 -12 289.34
-254 47 -37 260.95
-252 86 -26 267.54
-256 85 -37 272.27
-225 80 -63 246.97
-218 104 -67 250.66
-197 138 -72 251.07
-224 136 -62 269.29
-196 156 -65 258.80
-194 168 -63 264.25
-184 168 -56 255.37
-184 183 -47 263.73
-162 215 -51 273.99
-160 208 -44 266.08
-142 225 -44 269.68
-140 212 -40 257.18
-135 217 -26 256.89
-122 226 -25 258.04
-130 241 -13 274.14
-110 249 -16 272.68
-104 244 -21 266.07
-100 238 -22 259.09
-94 236 -33 256.17
-92 234 -40 254.60
-95 242 -30 261.70
-94 247 -30 265.98
-85 251 -23 266.00
-79 252 -17 264.64
-73 250 -20 261.21
-56 242 -27 249.86
-63 253 -14 261.10
-29 257 -20 259.40
-38 263 -9 265.88
-11 255 -23 256.27
-14 260 -12 260.65
4 253 -17 253.60
-3 256 -4 256.05
12 255 -7 255.38
28 250 -5 251.61
36 251 0 253.57
49 243 -6 247.96
25 256 8 257.34
48 244 -2 248.68
50 247 0 252.01
67 251 4 259.82
61 249 9 256.52
69 239 12 249.05
84 249 12 263.06
100 231 14 252.11
108 225 15 250.03
116 213 13 242.89
121 219 13 250.54
126 219 20 253.45
132 207 15 245.96
139 202 12 245.50
148 202 12 250.70
154 196 17 249.84
158 196 20 252.55
149 189 31 242.66
159 185 32 246.03
176 187 36 259.31
182 161 33 245.22
187 169 40 255.21
191 150 34 245.23
199 150 30 251.00
204 132 25 244.26
201 143 33 248.88
204 131 28 244.05
207 125 25 243.10
206 129 32 245.16
214 127 26 250.20
223 124 22 256.10
217 122 24 250.10
215 115 17 244.42
220 107 12 244.93
221 109 11 246.66
225 115 11 252.92
218 105 4 242.00
226 105 -4 249.23
222 109 1 247.32
230 112 -4 255.85
241 119 -6 268.85
227 95 -10 246.28
224 84 -16 239.77
225 91 -9 242.87
230 87 -12 246.20
241 83 -11 255.13
244 72 -17 254.97
241 71 -15 251.69
233 81 -14 247.07
241 83 -8 255.02
246 86 -12 260.88
258 73 -26 269.39
232 75 -20 244.64
242 65 -32 252.61
233 69 -17 243.60
248 66 -31 258.50
243 70 -20 253.67
244 66 -21 253.64
246 61 -20 254.24
245 65 -19 254.19
247 64 -27 256.58
238 62 -24 247.11
247 64 -21 256.02
250 63 -20 258.59
250 62 -21 258.43
252 50 -22 257.85
249 42 -21 253.39
249 29 -24 251.83
251 38 -18 254.50
251 27 -24 253.59
252 21 -24 254.01
248 16 -23 249.58
248 25 -13 249.60
253 19 -18 254.35
259 9 -22 260.09
255 9 -14 255.54
255 1 -18 255.64
245 3 -10 245.22
251 1 -12 251.29
263 0 -12 263.27
254 -12 -11 254.52
247 -6 -3 247.09
256 -13 -9 256.49
263 -12 -5 263.32
256 -19 -10 256.90
249 -11 0 249.24
249 -13 -7 249.44
245 -10 -6 245.28
252 -15 -6 252.52
251 -22 -9 252.12
250 -21 -5 250.93
256 -18 -1 256.63
262 -13 1 262.32
259 -4 -1 259.03
262 -4 -5 262.08
245 0 -5 245.05
241 4 -9 241.20
248 35 3 250.48
252 35 5 254.47
251 32 -4 253.06
254 61 7 261.32
239 61 2 246.67
254 77 -2 265.42
223 90 0 240.48
223 96 -6 242.86
212 130 -10 248.89
210 144 0 254.63
215 139 -5 256.07
190 185 17 265.73
180 186 0 258.84
154 191 7 245.45
132 204 9 243.15
141 205 -8 248.94
107 222 1 246.44
91 232 2 249.22
64 238 11 246.70
67 245 6 254.07
15 251 19 252.16
14 255 9 255.54
-1 257 10 257.20
-12 261 10 261.47
-44 256 6 259.82
-55 234 1 240.38
-65 244 5 252.56
-80 256 11 268.43
-86 237 -8 252.25
-113 237 5 262.61
-121 214 -9 246.00
-146 216 -5 260.76
-160 214 -3 267.22
-166 191 -13 253.39
-183 199 -11 270.58
-179 177 -19 252.45
-210 161 -16 265.10
-217 154 -19 266.77
-211 135 -30 252.28
-228 129 -23 262.97
-239 114 -21 265.63
-240 109 -27 264.97
-251 106 -21 273.27
-248 74 -30 260.54
-254 78 -28 267.18
-251 65 -39 262.20
-259 40 -36 264.53
-258 49 -33 264.68
-257 12 -38 260.07
-260 1 -38 262.76
-266 0 -33 268.04
-269 -26 -42 273.50
-260 -55 -44 269.37
-265 -43 -42 271.73
-252 -60 -47 263.27
-255 -84 -52 273.47
-243 -101 -51 268.05
-237 -126 -49 272.85
-233 -132 -46 271.71
-216 -127 -54 256.32
-209 -162 -49 268.93
-215 -157 -48 270.51
-211 -163 -46 270.57
-185 -190 -59 271.67
-185 -191 -54 271.33
-183 -212 -57 285.80
-162 -215 -56 274.96
-132 -219 -65 263.84
-134 -228 -61 271.41
-123 -231 -65 269.66
-118 -244 -66 278.96
-88 -251 -75 276.35
-85 -253 -74 276.97
-71 -246 -71 265.70
-51 -251 -83 269.24
-53 -252 -75 268.21
-38 -271 -84 286.25
-38 -273 -82 287.57
-34 -268 -82 282.32
-4 -263 -90 278.00
13 -260 -97 277.81
19 -259 -94 276.18
18 -255 -94 272.37
25 -272 -95 289.20
28 -264 -97 282.65
40 -255 -106 279.04
51 -249 -109 276.56
67 -238 -118 273.97
73 -241 -120 278.94
79 -247 -122 286.59
90 -230 -128 278.18
101 -224 -131 278.46
94 -222 -133 275.33
97 -217 -134 272.86
105 -204 -135 266.21
100 -215 -132 271.38
112 -206 -135 270.56
123 -207 -137 277.03
126 -197 -141 273.07
126 -191 -138 267.21
139 -196 -144 280.13
152 -194 -143 284.94
156 -183 -143 279.77
161 -176 -141 277.09
150 -173 -141 268.91
167 -168 -141 275.67
170 -166 -136 273.77
171 -169 -137 276.71
181 -157 -144 279.55
179 -146 -140 270.11
188 -138 -138 270.98
184 -130 -140 265.25
195 -125 -141 271.17
196 -121 -140 269.55
192 -129 -137 268.84
214 -108 -137 276.10
197 -110 -131 260.90
208 -99 -140 269.56
220 -89 -135 273.03
221 -104 -130 276.69
235 -95 -133 286.25
221 -96 -132 274.74
221 -77 -128 266.75
222 -79 -128 268.16
214 -85 -128 263.45
219 -69 -131 264.35
220 -87 -120 265.27
218 -79 -120 261.08
239 -62 -125 276.75
237 -71 -113 271.99
242 -62 -114 274.60
227 -71 -105 259.99
244 -70 -111 277.05
238 -39 -105 263.04
241 -62 -100 268.19
236 -66 -102 265.44
241 -55 -101 267.03
241 -69 -96 268.44
252 -47 -106 277.40
237 -56 -96 261.77
242 -54 -101 267.73
224 -59 -91 248.87
235 -56 -95 259.59
234 -46 -80 251.54
250 -51 -84 268.62
250 -59 -76 267.87
244 -63 -77 263.50
247 -62 -78 266.34
245 -58 -78 263.58
247 -57 -77 264.93
248 -55 -77 265.44
244 -54 -72 260.07
246 -64 -79 266.18
247 -62 -77 266.05
247 -52 -74 263.04
243 -63 -74 261.71
248 -62 -80 267.86
242 -60 -73 259.79
249 -54 -75 265.60
248 -63 -77 267.21
242 -60 -73 259.79
245 -61 -75 263.38
245 -63 -76 264.14
246 -51 -72 261.34
245 -67 -76 265.12
239 -64 -74 258.25
236 -80 -78 261.11
243 -58 -81 262.63
228 -89 -76 256.28
243 -66 -80 264.21
222 -102 -75 255.56
232 -83 -79 258.75
239 -101 -87 273.66
229 -99 -84 263.25
220 -138 -88 274.20
212 -97 -78 245.84
221 -145 -88 278.59
203 -148 -93 267.88
190 -154 -92 261.30
196 -158 -96 269.44
186 -149 -87 253.70
191 -174 -89 273.27
190 -196 -98 290.03
167 -192 -98 272.68
143 -225 -87 280.43
157 -230 -102 296.57
137 -220 -96 276.38
129 -221 -102 275.47
88 -219 -105 258.32
107 -244 -121 292.62
80 -232 -107 267.72
69 -264 -119 297.69
57 -250 -108 278.23
55 -246 -121 279.61
41 -247 -124 279.40
-1 -251 -112 274.86
-2 -255 -116 280.15
6 -244 -123 273.31
-21 -256 -108 278.64
-35 -249 -118 277.76
-49 -248 -114 277.31
-47 -241 -122 274.18
-72 -248 -120 284.76
-89 -230 -109 269.63
-106 -241 -109 284.95
-105 -232 -112 278.20
-122 -220 -113 275.78
-133 -225 -103 280.93
-141 -209 -100 271.22
-164 -198 -97 274.79
-163 -196 -96 272.40
-175 -193 -90 275.63
-179 -201 -91 284.12
-183 -189 -91 278.37
-194 -182 -84 278.96
-191 -179 -89 276.48
-205 -165 -81 275.34
-209 -163 -80 276.86
-208 -153 -81 270.62
-219 -153 -75 277.48
-219 -145 -78 273.99
-233 -133 -71 277.52
-229 -139 -75 278.19
-231 -116 -74 268.87
-242 -110 -68 274.39
-240 -107 -70 271.94
-245 -102 -68 273.96
-246 -95 -66 271.84
-250 -91 -64 273.64
-250 -87 -67 273.05
-253 -85 -62 274.00
-259 -74 -57 275.33
-257 -68 -59 272.31
-257 -62 -60 271.10
-257 -62 -56 270.24
-263 -50 -55 273.30
-256 -51 -57 267.18
-262 -48 -54 271.78
-258 -42 -55 267.12
-261 -18 -57 267.76
-270 -27 -49 275.74
-261 -15 -54 266.95
-266 -17 -50 271.19
-263 -7 -51 267.99
-265 -18 -45 269.40
-264 -14 -44 268.01
-272 -18 -36 274.96
-258 -13 -41 261.56
-266 -21 -29 268.40
-262 -24 -29 264.69
-259 -22 -23 260.95
-279 -28 -10 280.58
-264 -8 -7 264.21
-255 -19 -7 255.80
-268 -13 -1 268.32
-259 -11 4 259.26
-264 -6 19 264.75
-252 -5 24 253.19
-268 -15 42 271.69
-244 -4 31 245.99
-235 -22 29 237.80
-244 -4 53 249.72
-243 -8 65 251.67
-240 -4 79 252.70
-255 -6 92 271.15
-227 -15 100 248.50
-217 -7 115 245.69
-201 -12 118 233.39
-206 -12 128 242.83
-183 -1 130 224.48
-172 -4 143 223.72
-190 5 150 242.13
-162 11 156 225.17
-165 11 171 237.88
-146 9 178 230.39
-144 12 190 238.70
-127 2 186 225.23
-106 1 185 213.22
-120 -4 194 228.15
-94 -8 200 221.13
-104 2 202 227.21
-77 6 209 222.81
-75 2 214 226.77
-61 1 207 215.80
-51 6 205 211.33
-62 12 214 223.12
-41 5 210 214.02
-43 0 216 220.24
-27 2 210 211.74
-23 12 213 214.57
-18 6 217 217.83
-8 4 212 212.19
-6 7 214 214.20
-6 1 218 218.08
-10 -1 221 221.23
8 -2 213 213.16
10 -8 213 213.38
3 2 217 217.03
18 8 221 221.88
14 6 218 218.53
34 2 208 210.77
36 3 208 211.11
51 -2 204 210.29
51 -6 207 213.27
60 1 212 220.33
57 -1 211 218.57
78 1 206 220.27
82 1 199 215.23
87 3 198 216.29
102 -4 186 212.17
101 0 189 214.29
121 2 191 226.11
119 -2 186 220.82
137 -4 176 223.07
138 -3 181 227.63
139 -4 181 228.25
153 0 177 233.96
162 -5 157 225.65
169 -11 147 224.26
161 -11 148 218.97
175 -8 135 221.17
192 -11 142 239.06
174 -9 142 224.77
206 -11 111 234.26
198 -17 120 232.15
198 -23 116 230.63
217 -28 109 244.45
212 -27 104 237.67
226 -27 85 242.96
232 -17 88 248.71
212 -21 94 232.85
246 -27 70 257.19
234 -29 65 244.59
238 -24 50 244.38
250 -16 49 255.26
205 -32 65 217.43
251 -33 44 256.96
256 -27 33 259.53
226 -26 39 230.81
245 -38 33 250.12
233 -30 38 237.98
253 -20 22 254.74
255 -23 12 256.32
252 -29 2 253.67
248 -31 5 249.98
242 -27 9 243.67
248 -24 4 249.19
257 -24 -10 258.31
250 -25 1 251.25
255 -29 2 256.65
245 -34 2 247.36
260 -31 -2 261.85
256 -24 -8 257.25
249 -25 -8 250.38
246 -26 -3 247.39
253 -28 -7 254.64
244 -28 1 245.60
260 -36 10 262.67
243 -37 22 246.78
253 -28 11 254.78
250 -22 21 251.84
242 -41 24 246.62
240 -39 42 246.75
236 -34 63 246.62
217 -25 64 227.62
204 -30 79 220.81
224 -42 91 245.40
250 -46 103 274.27
174 -40 129 220.27
211 -38 124 247.67
127 -7 152 198.20
230 -30 159 281.21
172 -38 144 227.52
172 -36 146 228.46
129 -29 184 226.58
74 -26 204 218.56
77 -17 197 212.20
73 -7 201 213.96
72 -13 210 222.38
34 -7 213 215.81
30 -23 208 211.41
-17 -9 238 238.78
-8 -24 232 233.38
-23 -19 224 225.98
-40 -2 222 225.58
-61 -12 208 217.09
-83 0 213 228.60
-90 0 204 222.97
-93 -5 197 217.91
-122 -5 190 225.85
-122 -4 186 222.48
-167 3 193 255.24
-131 -15 170 215.14
-174 -2 166 240.49
-147 -19 136 201.16
-193 -8 149 243.95
-207 16 144 252.67
-231 6 120 260.38
-211 1 106 236.13
-220 -1 107 244.64
-235 -2 106 257.81
-253 16 84 267.06
-236 13 64 244.87
-212 -13 38 215.77
-243 1 42 246.60
-237 0 19 237.76
-275 4 37 277.51
-249 4 16 249.55
-236 -17 -2 236.62
-276 -2 13 276.31
-255 -8 -15 255.57
-281 5 -8 281.16
-256 -5 -28 257.58
-262 -6 -31 263.90
-253 -9 -41 256.46
-268 0 -38 270.68
-259 -8 -49 263.72
-277 5 -42 280.21
-257 -9 -69 266.25
-250 -2 -80 262.50
-260 -11 -81 272.55
-269 3 -74 279.01
-259 -3 -93 275.21
-257 36 -88 274.02
-247 3 -105 268.41
-262 10 -104 282.06
-238 7 -131 271.76
-237 13 -129 270.15
-225 2 -148 269.32
-237 22 -137 274.63
-238 18 -141 277.22
-250 18 -141 287.58
-241 24 -146 282.79
-244 26 -150 287.60
-225 12 -174 284.68
-233 21 -170 289.19
-231 27 -166 285.74
-231 39 -167 287.70
-220 26 -178 284.18
-199 16 -199 281.88
-207 32 -187 280.79
-191 29 -201 278.79
-187 31 -203 277.74
-203 57 -196 287.88
-200 42 -206 290.17
-190 23 -225 295.39
-190 27 -214 287.45
-185 32 -215 285.44
-179 42 -217 284.42
-173 42 -221 283.79
-168 34 -236 291.68
-166 30 -231 286.04
-171 38 -240 297.13
-167 38 -230 286.76
-153 28 -241 286.83
-146 23 -252 292.15
-130 2 -257 288.02
-108 49 -251 277.61
-108 31 -280 301.70
-82 29 -257 271.32
-95 4 -277 292.87
-78 33 -278 290.61
-57 31 -292 299.12
-51 13 -285 289.82
-36 40 -272 277.27
-26 42 -288 292.21
-29 6 -290 291.51
-11 9 -284 284.36
-2 20 -299 299.67
12 37 -292 294.58
23 22 -267 268.89
41 25 -263 267.35
41 23 -288 291.81
61 26 -279 286.77
63 27 -268 276.63
92 17 -266 281.97
88 26 -264 279.49
91 31 -265 281.90
110 11 -257 279.77
118 18 -263 288.82
127 30 -248 280.24
127 21 -257 287.44
138 11 -228 266.74
144 23 -240 280.83
158 21 -231 280.65
165 11 -220 275.22
169 26 -246 299.59
193 7 -188 269.52
190 20 -202 278.04
183 14 -223 288.81
198 22 -187 273.23
200 23 -209 290.19
215 13 -168 273.16
211 23 -184 280.90
224 17 -153 271.80
227 23 -159 278.10
232 13 -134 268.23
230 13 -139 269.05
234 14 -120 263.35
241 20 -125 272.22
240 9 -115 266.28
238 18 -107 261.57
247 8 -94 264.40
244 18 -106 266.64
251 20 -79 263.90
254 16 -90 269.95
252 7 -68 261.11
245 16 -97 263.99
249 21 -90 265.60
252 19 -95 269.98
252 6 -89 267.32
253 18 -109 276.07
245 14 -97 263.87
241 15 -98 260.60
236 22 -115 263.45
240 16 -105 262.45
251 6 -101 270.63
228 19 -119 257.89
243 14 -134 277.85
229 19 -113 256.07
243 16 -148 284.97
226 13 -122 257.16
221 27 -161 274.76
213 9 -162 267.76
203 26 -171 266.69
196 24 -198 279.64
206 25 -174 270.81
188 19 -202 276.60
192 19 -199 277.18
180 17 -218 283.22
162 29 -239 290.18
173 18 -213 274.99
155 30 -225 274.86
134 14 -258 291.06
125 34 -268 297.67
126 33 -251 282.78
108 29 -253 276.61
90 28 -273 288.81
88 40 -260 277.39
73 36 -272 283.92
60 30 -283 290.84
53 32 -281 287.74
29 46 -295 299.97
20 35 -285 287.84
4 46 -275 278.85
-17 38 -278 281.10
-44 46 -282 289.10
-54 56 -281 291.57
-73 45 -271 284.24
-76 55 -263 279.23
-111 54 -265 292.34
-121 43 -258 288.19
-122 67 -255 290.51
-141 50 -246 287.92
-157 73 -225 283.91
-170 67 -234 296.89
-177 62 -212 283.05
-198 79 -204 295.06
-199 62 -187 280.02
-210 58 -180 282.60
-195 88 -190 286.13
-236 66 -139 281.73
-227 74 -152 283.04
-229 70 -122 268.75
-244 58 -115 275.91
-245 72 -120 282.15
-262 10 -64 269.89
-261 25 -73 272.17
-259 20 -45 263.64
-252 36 -66 262.98
-256 24 -58 263.58
-259 10 -53 264.56
-257 21 -51 262.85
-285 -17 -35 287.64
-266 4 -34 268.19
-246 36 -55 254.63
-261 -2 -69 269.97
-237 2 -53 242.86
-255 -5 -63 262.71
-255 -22 -84 269.38
-270 -64 -42 280.64
-259 -38 -34 263.97
-284 -71 -69 300.76
-280 -4 -77 290.42
-242 6 -53 247.81
-282 -3 -29 283.50
-252 9 -74 262.79
-251 -36 -75 264.43
-268 -41 -82 283.25
-248 -33 -98 268.70
-281 -20 -35 283.88
-250 -26 -96 269.06
-305 -3 -4 305.04
-259 -11 -27 260.64
-270 -9 -32 272.04
-268 -25 -35 271.43
-271 -12 0 271.27
-263 25 2 264.19
-287 4 -5 287.07
-267 24 -29 269.64
-261 33 -20 263.84
-265 17 -12 265.82
-262 23 -19 263.69
-263 3 -22 263.94
-268 -5 -21 268.87
-265 16 -20 266.23
-264 14 -37 266.95
-264 6 -41 267.23
-262 11 -38 264.97
-264 12 -17 264.82
-281 8 -109 301.51
-209 97 -78 243.26
-280 -7 -46 283.84
-265 30 -52 271.71
-261 40 -35 266.36
-261 31 -41 266.01
-262 34 -43 267.67
-261 32 -39 265.83
-261 33 -38 265.81
-262 37 -41 267.76
-262 33 -41 267.23
-261 29 -41 265.79
-262 36 -39 267.32
-261 35 -43 266.82
-262 32 -37 266.53
-262 33 -38 266.79
-262 36 -41 267.62
-261 34 -39 266.08
-261 33 -39 265.95
-261 34 -42 266.54
-262 37 -41 267.76
-262 36 -40 267.47
-261 35 -41 266.51
-262 36 -40 267.47
-262 35 -41 267.49
-261 33 -42 266.41
-261 36 -39 266.34
-262 35 -41 267.49
-262 35 -43 267.80
-263 35 -42 268.62
-262 34 -38 266.92
-260 34 -39 265.10
-262 35 -41 267.49
-261 34 -40 266.23
-261 34 -40 266.23
-262 35 -40 267.34
-262 35 -39 267.19
-261 35 -43 266.82
-263 35 -42 268.62
-261 34 -42 266.54
-262 35 -40 267.34
-261 33 -41 266.25
-262 35 -39 267.19
-262 35 -40 267.34
-263 35 -40 268.32
-261 34 -41 266.38
-261 34 -40 266.23
-261 34 -40 266.23
-262 36 -40 267.47
-262 34 -41 267.36
-261 34 -39 266.08
-261 34 -41 266.38
-261 34 -40 266.23
-261 34 -39 266.08
-262 35 -40 267.34
-262 36 -40 267.47
-261 35 -38 266.06
-262 34 -42 267.51
-262 35 -41 267.49
-263 35 -39 268.17
-262 34 -41 267.36
-262 34 -40 267.21
-262 35 -41 267.49
-261 35 -42 266.66
-261 35 -40 266.36
-261 35 -40 266.36
-261 35 -39 266.21
-262 35 -39 267.19
-262 34 -40 267.21
-262 34 -41 267.36
-261 33 -40 266.10
-261 33 -40 266.10
-261 34 -39 266.08
-261 35 -42 266.66
-262 34 -41 267.36
-262 33 -39 266.93
-262 34 -40 267.21
-262 36 -40 267.47
-262 35 -41 267.49
-261 35 -40 266.36
-262 35 -39 267.19
-262 35 -40 267.34
-260 34 -40 265.25
-262 34 -40 267.21
-262 35 -40 267.34
-262 35 -40 267.34
-262 35 -40 267.34
-262 36 -39 267.32
-262 36 -39 267.32
-262 34 -39 267.06
-262 34 -41 267.36
-262 34 -40 267.21
-261 34 -41 266.38
-262 34 -40 267.21
-261 34 -40 266.23
-261 34 -41 266.38
-261 34 -40 266.23
-261 34 -39 266.08
-262 35 -42 267.64
-262 35 -37 266.90
-262 33 -40 267.08
-262 35 -41 267.49
-262 35 -38 267.04
-263 35 -41 268.47
-261 35 -39 266.21
-261 34 -41 266.38
-261 35 -39 266.21
-261 34 -39 266.08
-261 33 -40 266.10
-263 36 -41 268.60
-261 34 -40 266.23
-262 36 -40 267.47
-261 34 -42 266.54
-261 35 -40 266.36
-262 35 -38 267.04
-261 35 -41 266.51
-261 34 -41 266.38
-262 35 -37 266.90
-261 34 -39 266.08
-261 33 -41 266.25
-261 34 -40 266.23
