Ax
[1] 4.798083e-07 1.801522e-02 1.173944e+02

Ay
 -7.104300e-08 -5.200081e-03  7.382063e+01
 
Az
[1] -1.618180e-09 -1.899410e-05 -1.462879e-01  1.558942e+04

Gx
[1] -4.387634e-08 -5.878346e-04  6.699801e+00
8.5

Gy
[1] -1.779335e-08  1.172002e-03  8.341212e+00

Gz
[1]  4.216745e-09 -6.897733e-05 -2.171155e+01

Ix
[1]  6.166144e-09  8.186348e-04 -9.083109e+01

Iy
[1]  4.833303e-08  3.763355e-03 -2.437029e+02

Iz
[1]  7.820395e-11  1.240244e-06  1.190119e-02 -5.383430e+02

-183.8350995	-496.969385	-24.32484741


float c3[9] = {            0.,           0., -1.618180e-09,            0.,          0.,          0.,           0.,           0.,  7.820395e-11};

float c2[9] = {4.798083e-07 ,-7.104300e-08 , -1.899410e-05, -4.387634e-08, -1.779335e-08,  4.216745e-09, 6.166144e-09, 4.833303e-08, 1.240244e-06 };

float c1[9] = {1.801522e-02 ,-5.200081e-03 , -1.462879e-01, -5.878346e-04,  1.172002e-03, -6.897733e-05, 8.186348e-04, 3.763355e-03, 1.190119e-02};

float c0[9] = {      -45.61 ,	     -45.18,       -305.58,  6.699801e+00,  8.341212e+00,	-2.171155e+01, -183.8350995, -496.969385, -24.32484741};